8 12 13 9
8 10 0 1
9 11 2 3
10 11 15 14
11 15 6 2
10 14 4 0
0 2 3 1
0 1 5 4
2 3 7 6
4 5 7 6
1 3 9 8
1 8 12 5
1 3 7 5
5 7 13 12
3 7 13 9
4 0 2 6
14 15 6 4
0 2 11 10
2 0 4 5 1 3
2 0 4 5 7 3
0 4 6 7 5 1
0 4 6 7 3 1
4 6 2 3 7 5
4 6 2 3 1 5
0 2 6 7 3 1
0 2 6 7 5 1
9 13 7 3 2 11
9 13 7 6 2 11
9 13 15 6 7 3
9 13 15 6 2 3
11 15 6 2 3 9
11 15 6 7 3 9
11 15 13 7 6 2
11 15 13 7 3 2
8 9 11 2 3 1
8 9 11 2 0 1
10 8 9 3 1 0
10 8 9 3 2 0
11 10 8 1 3 2
11 10 8 1 0 2
10 11 9 3 2 0
10 11 9 3 1 0
14 10 8 1 5 4
14 10 8 1 0 4
10 8 12 5 1 0
10 8 12 5 4 0
8 12 14 4 5 1
8 12 14 4 0 1
12 14 4 5
12 14 10 0 4 5
12 14 10 0 1 5
15 14 12 5 4 6
15 14 12 5 7 6
14 12 13 7 5 4
14 12 13 7 6 4
12 13 15 6 7 5
12 13 15 6 4 5
13 15 14 4 6 7
13 15 14 4 5 7
