v 0.5 2.49 0.786 0
v 0.5 1.51 0.786 0
v -0.5 2.49 0.786 0
v -0.5 1.51 0.786 0
v 0.768 2.49 -0.22 0
v 0.768 1.51 -0.22 0
v -0.557 2.49 0.185 0
v -0.544 1.51 0.056 0
v 1.9 0 1.9 1
v -1.9 0 1.9 1
v 0.502 4.832 1.212 1
v -0.8 3.1 1.9 1
v 1.9 0 -1.9 1
v -1.9 0 -0.4
v 1.621 4.004 -0.671 1
v -1.9 1.9 0.8 1

l 13 9 1
l 10 14 1
l 13 15 1
l 14 16 1
l 14 13 1
l 9 10 1
l 9 11 1
l 10 12 1
l 11 12 1
l 12 16 1
l 15 11 1
l 16 15 1
l 1 3 0
l 2 1 0
l 11 1 0
l 5 1 0
l 4 3 0
l 12 3 0
l 3 7 0
l 2 4 0
l 9 2 0
l 6 2 0
l 10 4 0
l 4 8 0
l 14 8 0
l 13 6 0
l 15 5 0
l 6 5 0
l 8 7 0
l 7 5 0
l 8 6 0
l 16 7 0
