v 0 6 0
v 0 0 10
v 0 10 10
v 0 9.0 10
v 0 0 2.5
v 0 0 -5
v 0 10 -5
v 0 6 -5
v 0 9.0 5
v 10 3 0
v 10 0 10
v 10 0 5
v 10 3 -5
v 15 3 0
v 15 0 10
v 15 10 10
v 15 0 5
v 15 0 -5
v 15 10 -5
v 15 3 -5
v 5 6 0
v 5 9.0 10
v 5 6 -5
v 5 9.0 5
v 7.5 0 2.5
v 7.5 10 2.5
v 7.5 3 2.5
v 7.5 5 2.5
v 7.5 8 2.5

l 5 6 1
l 25 5 1
l 2 5 1
l 6 8 1
l 8 7 1
l 20 19 1
l 18 20 1
l 4 3 1
l 2 4 1
l 29 26 1
l 28 29 1
l 27 28 1
l 25 27 1
l 17 15 1
l 18 17 1
l 11 2 1
l 15 11 1
l 15 16 1
l 19 16 1
l 16 3 1
l 3 7 1
l 7 19 1
l 4 22 1
l 9 4 1
l 26 22 1
l 14 17 1
l 14 20 1
l 13 20 1
l 23 13 1
l 8 23 1
l 1 8 1
l 9 1 1
l 6 18 1
l 5 12 0
l 25 18 0
l 10 25 0
l 4 27 0
l 27 1 0
l 22 28 0
l 14 27 0
l 21 26 0
l 12 27 0
l 29 24 0
l 28 10 0
l 21 28 0
l 12 11 0
l 24 22 0
l 9 24 0
l 1 21 0
l 21 23 0
l 10 13 0
l 10 14 0
l 12 17 0
