v 5.0 24.9 07.86 0
v 5.0 15.1 07.86 0
v -05 24.9 07.86 0
v -05 15.1 07.86 0
v 07.68 24.9 -02.2 0
v 07.68 15.1 -02.2 0
v -05.57 24.9 01.85 0
v -05.44 15.1 0.56 0
v 19 0 19 10
v -19 0 19 10
v 05.02 48.32 12.12 10
v -08 31 19 10
v 19 0 -19 10
v -19 0 -04
v 16.21 40.04 -06.71 10
v -19 19 08 10

l 13 9 1
l 10 14 1
l 13 15 1
l 14 16 1
l 14 13 1
l 9 10 1
l 9 11 1
l 10 12 1
l 11 12 1
l 12 16 1
l 15 11 1
l 16 15 1
l 1 3 0
l 2 1 0
l 11 1 0
l 5 1 0
l 4 3 0
l 12 3 0
l 3 7 0
l 2 4 0
l 9 2 0
l 6 2 0
l 10 4 0
l 4 8 0
l 14 8 0
l 13 6 0
l 15 5 0
l 6 5 0
l 8 7 0
l 7 5 0
l 8 6 0
l 16 7 0
