v 9.909698 22.171846 -8.305414 1
v -5.379902 0.067619 -14.749438 1
v -6.140979 13.108400 13.466461 1
v -11.225029 21.276045 -15.277480 1
v -10.660008 23.087051 -6.101963 1
v 8.297272 0.225081 -9.127597 1
v 8.754602 0.869246 2.994704 1
v -12.048851 3.853206 -0.229367 1
v -2.311650 10.582312 -4.666262 0
l 1 9 0
l 2 9 0
l 3 9 0
l 4 9 0
l 5 9 0
l 6 9 0
l 7 9 0
l 8 9 0
l 3 1 1
l 1 7 1
l 7 3 1
l 1 6 1
l 6 7 1
l 1 2 1
l 2 6 1
l 2 7 1
l 2 8 1
l 8 7 1
l 2 4 1
l 4 8 1
l 4 5 1
l 5 8 1
l 5 3 1
l 3 8 1
l 5 1 1
l 4 1 1
