v 0.000000 0.000000 0.000000
v -5.000000 -5.000000 -5.000000
v 5.000000 -5.000000 -5.000000
v 5.000000 -5.000000 5.000000
v -5.000000 -5.000000 5.000000
v 5.000000 5.000000 -5.000000
v 5.000000 5.000000 5.000000
v -5.000000 5.000000 -5.000000
v -5.000000 5.000000 5.000000
l 2 1 0
l 3 1 0
l 4 1 0
l 5 1 0
l 6 1 0
l 7 1 0
l 8 1 0
l 9 1 0
l 2 4 1
l 4 3 1
l 3 2 1
l 4 6 1
l 6 3 1
l 3 4 1
l 6 2 1
l 2 3 1
l 3 6 1
l 2 6 1
l 6 8 1
l 8 2 1
l 6 9 1
l 9 8 1
l 8 6 1
l 9 2 1
l 2 8 1
l 8 9 1
l 2 9 1
l 9 5 1
l 5 2 1
l 9 4 1
l 4 5 1
l 5 9 1
l 4 2 1
l 2 5 1
l 5 4 1
l 4 9 1
l 9 7 1
l 7 4 1
l 9 6 1
l 6 7 1
l 7 9 1
l 6 4 1
l 4 7 1
l 7 6 1
