v 0 0 2.443233
v 0 11.401754 2.443233
v 0 3.800585 2.443233
v -1.085881 3.257644 -6.515288
v 2.986174 0 7.60117
v 2.986174 7.60117 7.60117
v 3.257644 0 -1.900292
v 3.257644 10.858814 -2.171763
v 3.257644 3.257644 -2.171763
v -4.343525 0 -1.900292
v -4.343525 3.800585 -1.900292
v -5.700877 0 5.972347

l 7 5 1
l 11 4 1
l 4 7 1
l 2 11 1
l 6 5 1
l 12 5 1
l 2 8 1
l 6 2 1
l 1 10 0
l 11 9 0
l 9 4 0
l 12 11 0
l 8 9 0
l 6 12 0
l 3 8 0
l 1 12 0
l 9 5 0
l 5 3 0
l 3 12 0
l 11 10 0
l 10 4 0
l 1 7 0
l 7 9 0
l 9 3 0
l 8 6 0
