v 3 2.832 7 0
v 3 2.832 -7 0
v -3 2.832 7 0
v -3 2.832 -7 0
v 3 7.168 7 0
v 3 7.168 -7 0
v -3 7.168 7 0
v -3 7.168 -7 0
v 5 0 10 1
v 5 0 -10 1
v -5 0 10 1
v -5 0 -10 1
v 5 10 10 1
v 5 10 -10 1
v -5 10 10 1
v -5 10 -10 1

l 12 10 1
l 10 9 1
l 9 13 1
l 11 15 1
l 13 15 1
l 11 12 1
l 15 16 1
l 10 14 1
l 16 14 1
l 12 16 1
l 14 13 1
l 9 11 1
l 5 13 0
l 4 12 0
l 2 10 0
l 1 9 0
l 3 11 0
l 15 7 0
l 16 8 0
l 14 6 0
l 7 8 0
l 3 4 0
l 5 7 0
l 3 7 0
l 1 3 0
l 6 5 0
l 1 5 0
l 2 1 0
l 4 8 0
l 8 6 0
l 2 6 0
l 4 2 0
