v 0.000000 0.000000 17.320999
v 0.000000 0.000000 -17.320999
v 0.000000 10.000000 17.320999
v 0.000000 10.000000 -17.320999
v 5.858128 4.263673 -0.374488
v -4.679696 6.538918 3.574866
v 15.000000 0.000000 8.660000
v 15.000000 0.000000 -8.660000
v -15.000000 0.000000 8.660000
v -15.000000 0.000000 -8.660000
v 15.000000 10.000000 8.660000
v 15.000000 10.000000 -8.660000
v -15.000000 10.000000 8.660000
v -15.000000 10.000000 -8.660000
v 1.382964 4.179940 2.824896
v -0.801011 4.218215 -2.321143
v 4.583524 6.279677 7.770128
v 3.666556 6.822228 -3.051307
v 7.500000 0.000000 -12.990499
v 6.296618 0.974756 -10.198750
v 7.297813 2.687485 -4.458736
v 6.106460 1.592544 -8.080389
v -0.924492 4.988790 4.374814
v -0.004825 7.119670 9.666001
v 9.373779 1.896602 -6.067129
v 8.512643 1.742118 -6.570528
v 15.000000 10.000000 0.000000
v 11.735254 9.468911 6.000689
v 1.560785 3.499521 -3.555713
v 2.807711 3.397810 -3.025488
v -4.018539 3.568645 1.059915
v -7.254438 3.906975 -1.795528
v 7.000000 0.000000 -13.279200
v 7.145977 0.346619 -11.960764
v -8.436586 2.748061 4.578998
v -7.699507 2.736560 2.323330
v 3.078468 4.093090 1.029520
v -2.066214 3.956867 -1.050382
v -5.058798 10.000000 14.400049
v -8.346944 7.910542 6.355378
v 3.156085 4.869876 6.083834
v 0.398398 5.702283 6.221560
v 7.500000 10.000000 12.990499
v 9.555276 9.210260 7.960546
v 8.961740 1.928792 -6.028939
v 7.665442 2.256994 -5.420832
v -1.986486 4.480856 3.721401
v -2.209486 5.062955 4.296049
v 4.637274 2.427554 -5.832107
v 3.153548 3.149837 -3.910866
v 4.441804 4.194087 6.487373
v 6.354356 2.773278 8.332682
v 4.175736 5.163619 6.315511
v 5.353568 5.249870 4.643367
v 5.551876 5.697231 -1.357060
v 5.876852 5.054694 1.428783
v 15.000000 5.000000 8.660000
v 10.259794 4.138109 6.168009
v -3.515065 6.702372 0.536240
v -3.737274 5.986537 -0.328250
v 2.537080 4.904256 5.590453
v 2.330743 4.455595 3.512209
v -0.329494 5.730405 -2.186053
v -2.084838 5.158274 -1.898321
v 9.048498 3.031428 6.318970
v 4.028931 3.992116 3.863177
v 2.241132 3.301554 -3.888244
v 2.437270 3.196165 -4.195192
v -15.000000 0.000000 0.000000
v -12.635984 1.824489 -1.408593
v 6.976602 3.025226 -3.735082
v 4.882362 3.570215 -2.114941
v 7.500000 10.000000 -12.990499
v 3.459124 9.379190 -11.282191
v 6.767610 0.344712 -12.184953
v 5.184400 0.436931 -12.766033
v 5.996672 3.476961 5.954430
v 6.505776 3.480703 5.213139
v 4.093870 4.386553 3.592793
v 4.667635 4.038325 4.515754
v 5.455581 3.703732 5.611994
v 6.078982 3.296535 6.682443
v 6.930550 0.935736 -9.986167
v 7.968337 1.547533 -7.347674
v 8.007933 7.550261 4.534107
v 6.975715 7.095948 0.955660
v 14.750000 0.000000 8.804350
v 12.736635 0.831699 8.320864
v -2.803263 6.978935 -0.272691
v -3.101826 5.563387 -1.013906
v 9.290699 0.000000 -11.956550
v 7.339894 0.236878 -12.239598
v 3.758366 4.696632 6.490739
v 3.614050 5.006113 6.475373
v -5.069863 6.234573 0.002846
v -7.369111 7.376362 -1.003181
v -4.442559 4.816329 -2.111194
v -8.200654 5.044104 -3.164068
v -1.027053 4.358157 3.430321
v -0.377452 4.595206 3.678194
v -10.202942 5.842798 -4.541820
v -12.656272 8.978834 -6.639794
v 3.150255 2.960280 -4.667902
v 2.402840 3.247684 -3.996947
v 6.029265 5.615299 5.283356
v 8.007496 4.786109 4.740522
v -15.000000 5.000000 -8.660000
v -11.733853 5.150244 -5.569563
v -5.214987 7.303199 -1.291014
v -0.782485 7.021774 -2.329289
v 15.000000 10.000000 -4.330000
v 10.396008 8.319556 0.408453
v 3.532041 3.440127 -2.319380
v 1.652676 3.827953 -0.254408
v -8.425487 2.511497 3.488735
v -8.886440 2.463105 2.318986
v 7.006920 3.041262 6.577148
v 6.702677 2.934987 7.346839
v 5.862591 0.330298 -12.757126
v 6.468134 0.115055 -13.175924
v -15.000000 0.000000 4.330000
v -13.734751 0.989998 0.193982
v -2.529399 10.000000 15.860524
v -2.444769 8.180645 11.065314
v -15.000000 0.000000 6.495000
v -14.080956 0.634511 1.869456
v 15.000000 10.000000 -6.495000
v 12.513414 9.049891 -2.155714
v 15.000000 5.000000 -8.660000
v 12.681167 7.352736 -6.784593
v -6.201368 8.802370 10.414933
v -5.401055 7.634876 7.563874
v 12.807822 0.651791 8.649873
v 6.273344 2.196624 10.382091
v 7.726041 3.585502 5.235028
v 9.244801 3.823218 5.811611
v -0.417838 4.460323 3.489785
v -0.024104 4.434728 3.396031
v -12.380928 3.446621 -5.067235
v -11.292933 2.691388 -2.356881
v 11.537333 1.258647 8.164268
v 12.489053 0.858782 8.415460
v -4.372818 6.152308 0.035698
v -4.676959 6.325268 0.992710
v -6.462406 3.065017 1.670850
v -4.319908 3.697434 0.003370
v -6.654130 8.558753 9.444329
v -7.067910 9.035514 10.616550
v -4.711140 7.237071 -1.135664
v -3.498575 7.363286 -2.170248
v 7.535265 0.098268 -12.620346
v 7.659208 0.165956 -12.307969
v -1.976997 3.920802 2.804218
v -2.505006 3.693527 1.593089
v 4.320374 5.487966 7.392434
v 3.816392 4.919209 6.923530
v 7.855094 0.207881 -12.045868
v 7.437359 0.251575 -12.131166
v -15.000000 0.000000 5.412500
v -14.517939 0.247626 4.875538
v -7.778273 6.870303 -1.948408
v -10.337894 6.636851 -4.624555
v -0.235443 4.080516 2.852022
v -1.390274 4.202409 3.266720
v -8.610464 4.400652 -3.054539
v -11.346272 4.112673 -4.707176
v -12.447428 1.602006 0.183432
v -13.783322 0.762863 2.106359
v -7.500000 10.000000 -12.990499
v -9.806630 8.835578 -5.359159
v 1.223946 3.670829 -2.791825
v 2.512768 3.284155 -3.752459
v -15.000000 5.000000 8.660000
v -12.644379 7.434731 7.713837
v 12.522601 0.000000 -10.090449
v 8.698411 1.257321 -7.952506
v 5.761652 0.609628 -11.815078
v 5.572668 0.475570 -12.403946
v 12.314132 0.972245 8.286310
v 12.564041 0.878576 8.328547
v 6.199430 6.867271 5.975595
v 5.440405 6.544127 6.051046
v -4.695967 7.065114 -0.241670
v -4.026011 7.244499 -1.433797
v -15.000000 7.500000 -8.660000
v -14.112171 5.669580 -7.776351
v -2.585078 4.371477 3.695583
v -2.059013 4.096706 3.247018
v 2.429587 3.257778 -3.932230
v 2.690078 3.134689 -4.265793
v 0.000000 5.000000 17.320999
v 2.334330 6.036162 13.011852
v 6.091036 4.342746 2.563587
v 2.862756 4.156125 2.290101
v 7.443169 3.311861 -3.271063
v 8.579782 2.179520 -5.516413
v 7.375000 0.000000 13.062675
v 7.749454 1.255003 10.902699
v -2.027363 6.931960 -1.184367
v -4.021333 7.105118 -0.810714
v -8.262691 2.573528 2.850009
v -8.966640 2.375362 3.110551
v -1.252972 4.288926 3.369419
v -1.023147 4.147844 3.112056
v 5.596937 3.971503 -1.121170
v 5.486835 3.537291 -2.256643
v -5.132513 4.433578 -1.973355
v -1.756158 4.179741 -1.845566
v 4.362841 5.140090 5.986598
v 4.282581 4.467657 4.948478
v 6.849466 5.847255 5.383006
v 5.840405 5.931983 5.887742
v 1.655801 8.861224 -9.432089
v 1.238336 9.522728 -12.531693
v -7.138555 3.016508 1.139983
v -10.160171 2.968482 -1.687623
v -7.660300 4.167068 -2.323063
v -6.590299 4.138097 -1.896766
v -7.772232 7.840374 -1.289960
v -4.544779 7.415692 -1.851299
v -13.328780 1.305097 -0.542912
v -12.660782 1.648896 -0.588979
v 7.116168 0.569218 -11.186547
v 6.313930 0.418694 -12.181902
v 5.005099 9.669939 -12.176124
v 2.744024 9.531568 -12.163825
v 4.456762 3.387196 10.690620
v 4.083656 5.055992 7.824796
v 4.457205 4.502410 3.609177
v 5.421266 5.016075 2.795529
v -7.104585 5.339102 -2.734626
v -8.877131 5.540468 -3.660064
v 8.795923 1.062175 -8.550378
v 10.678397 0.663053 -8.885075
v -15.000000 10.000000 0.000000
v -7.858028 7.677851 -0.254577
v 9.171718 1.627297 -6.695604
v 9.495871 1.117674 -8.026797
v 12.901698 0.782039 8.323436
v 12.613632 0.874137 8.307682
v 5.173898 2.467282 -5.454937
v 7.846640 1.983100 -6.088126
v -6.246256 8.993511 10.943648
v -5.397818 8.898856 11.160575
v -3.794098 10.000000 15.130287
v -2.523444 9.273525 14.054918
v 7.349470 1.696748 -7.131851
v 6.829018 2.157284 -5.870421
v 1.590232 3.546155 -3.247321
v 0.636245 3.796171 -2.983234
v 8.981119 3.285743 6.101225
v 8.353560 3.326642 5.792446
v 6.785129 3.157956 6.366765
v 6.909005 3.155580 6.264291
v -3.213490 5.157534 4.252360
v -4.094736 4.087403 3.860683
v -4.870164 3.790697 3.890892
v -2.383994 3.986141 3.148999
v 4.972554 3.946211 4.953179
v 4.372016 4.250842 4.056835
v -8.275460 2.894502 0.445340
v -7.207174 3.133078 0.464142
v 12.745632 9.359396 0.789458
v 13.332894 9.388772 -2.351762
v 9.290699 0.000000 11.956550
v 9.294920 1.120323 9.975346
v 7.372788 3.802989 -2.362819
v 9.633000 4.665301 -4.549200
v 2.935010 3.039610 -4.489584
v 2.661155 3.201051 -3.999141
v -3.614184 3.877958 -0.689053
v -4.198712 4.311705 -1.744648
v 3.894582 0.234006 -14.236125
v 5.630818 0.187637 -13.400114
v -11.919520 1.674464 0.951762
v -13.521618 0.807622 2.864976
v 4.114378 0.183217 -14.290874
v 4.369779 0.275460 -13.813647
v 6.266596 2.341836 -5.476801
v 4.281222 3.402168 -2.504225
v -15.000000 0.000000 5.997500
v -14.476745 0.232282 5.560536
v -9.554003 2.356164 5.008836
v -9.341521 2.226244 3.775368
v -1.658306 4.568976 -2.155462
v -2.466648 4.509216 -2.116467
v 3.737607 2.759883 -5.084020
v 3.059215 3.040097 -4.390766
v 9.530884 2.477492 6.903373
v 7.081279 3.222218 5.876587
v 7.218808 3.665054 4.919771
v 5.135735 4.090465 3.097778
v -3.577652 4.723504 4.062699
v -3.842120 5.421854 4.322876
v -6.594679 6.827548 -0.763204
v -5.959668 6.972075 0.761562
v 5.195728 4.662645 2.477181
v 5.650317 4.564326 1.189898
v -8.538527 2.500936 2.871404
v -8.326947 2.581652 2.455802
v 1.851115 6.856704 -2.699904
v 2.089707 6.517336 -2.702392
v 4.173923 4.010984 10.019558
v 3.993656 3.679432 10.926186
v -15.000000 0.000000 2.165000
v -14.745636 0.204362 0.657745
v 5.245001 5.067821 3.851798
v 4.929049 5.111559 4.842208
v 8.644384 2.471109 -4.933425
v 10.102352 1.938164 -6.021616
v -2.284215 9.603477 15.051716
v -0.380157 9.413050 15.916607
v 3.773646 9.577599 -12.092780
v 3.272120 9.488984 -11.828544
v 13.397553 9.333287 -3.666325
v 14.174094 9.672274 -3.700967
v -15.000000 2.500000 -8.660000
v -14.062485 2.577341 -6.716675
v 8.529831 2.023276 -5.863919
v 8.959255 1.846566 -6.216901
v -1.264699 10.000000 16.590761
v -1.397013 9.593773 15.626184
v 7.302059 0.182393 -12.455288
v 6.849658 0.227511 -12.555264
v 3.809708 4.481932 5.472848
v 2.546577 4.785534 5.192129
v -13.835199 0.680409 2.712618
v -14.271029 0.470763 2.637266
v -15.000000 8.750000 -8.660000
v -12.572208 8.230060 -6.590503
v 5.305549 3.766455 -1.635436
v 5.216063 3.602225 -2.060582
v 11.922256 6.721269 -5.860667
v 12.997330 6.334739 -6.941301
v -0.004018 5.765936 6.134427
v -0.072622 6.019824 6.717764
v -12.958745 5.118004 -6.628353
v -13.306260 3.340565 -6.201672
v 15.000000 10.000000 -2.165000
v 14.477644 9.877911 -0.160042
v -13.829844 0.717996 2.340099
v -13.876507 0.727528 1.993265
v 8.531441 3.165223 6.061282
v 8.230682 2.903566 6.395706
v 10.456072 1.239106 -7.335815
v 11.394219 1.404240 -6.902911
v -3.161749 10.000000 15.495405
v -2.591289 9.826283 15.412105
v 3.468220 3.192212 12.294780
v 6.735813 1.627713 11.091084
v -7.122295 8.930790 -7.308778
v 0.355886 8.327651 -7.375160
v 1.989525 3.354430 -3.854083
v 1.913597 3.392842 -3.745685
v 4.835842 2.073408 12.195000
v 2.311222 1.915552 14.362752
v -5.139037 7.403388 -1.594716
v -5.926929 7.558205 -1.561320
v -7.259933 3.051584 0.820531
v -7.670533 2.932937 0.954804
v 6.052815 4.948721 2.075270
v 6.895930 4.660859 3.374155
v 10.536514 1.596562 -6.609890
v 9.987617 1.848198 -6.163599
v 5.286500 2.117607 -6.618783
v 6.807229 1.762481 -7.152305
v -7.080522 5.118936 -2.729227
v -5.181824 4.790092 -2.184130
v -9.953617 8.103050 5.883772
v -10.695621 8.485675 1.830721
v 15.000000 10.000000 -2.332500
v 13.649946 9.657760 0.215739
v 0.967209 7.225665 10.715242
v 0.499834 8.130785 14.166371
v -12.207352 1.465171 1.628998
v -11.161510 1.953657 0.930955
v -5.910005 7.310465 -1.256018
v -5.763984 7.444570 -1.473579
v -4.064892 6.613918 1.282729
v -3.690601 6.485426 0.349385
v -6.066149 7.305786 6.162343
v -4.907363 6.964982 6.043394
v 12.624930 0.826326 8.399857
v 12.664351 0.769478 8.493729
v 2.995701 6.643588 9.604139
v 2.342478 6.843180 12.576591
v 13.037319 0.739878 8.328354
v 11.524362 1.446672 7.796763
v 13.244384 9.566064 0.997811
v 13.835052 9.723786 0.477872
v -11.250000 10.000000 -10.825250
v -8.802035 9.450640 -9.152725
v 5.312578 2.905658 -3.992700
v 3.442467 3.326539 -2.943807
v 0.418582 3.992362 1.835193
v 1.927374 3.962813 0.641685
v -1.692516 4.818701 4.050827
v -0.781929 4.782309 4.006082
v -12.259353 2.802204 -3.825780
v -13.888869 2.006123 -5.477404
v 7.798870 2.594478 -4.667087
v 7.969752 2.768368 -4.334770
v 7.619641 3.050671 -3.772246
v 7.322316 3.133531 -3.581793
v -8.649409 8.106289 6.570599
v -8.005661 8.169081 7.471888
v -3.134096 7.164650 7.660405
v -4.506498 7.209574 6.957928
v -5.423687 4.571153 -2.112993
v -5.784089 4.398937 -2.050844
v -7.816422 3.722859 -1.726061
v -6.348922 3.554854 -0.481102
v -7.647782 7.192044 -1.498749
v -8.843102 8.161516 -1.997617
v -6.191058 6.568187 -0.577191
v -6.206762 6.767374 -0.162796
v -1.611269 7.655567 10.126486
v -2.559187 6.781090 6.869552
v 2.150436 3.496913 -2.993791
v 2.823036 3.334553 -3.306436
v -7.840234 4.278382 -2.544792
v -7.266378 4.241190 -2.273055
v 6.720620 0.501609 -11.653132
v 6.602578 0.408940 -12.050938
v 12.682939 0.850964 8.313596
v 12.750046 0.830306 8.315608
v 15.000000 10.000000 -3.331250
v 13.272626 9.431003 -1.265267
v 3.126260 0.168317 -14.914469
v 3.456992 0.191770 -14.639675
v 6.796302 0.211085 -12.644550
v 6.773514 0.271503 -12.442401
v 15.000000 10.000000 4.330000
v 13.231117 9.789238 6.917593
v 8.143871 2.442363 -4.984270
v 8.003076 2.657955 -4.552328
v -4.557004 5.783487 4.427010
v -10.398984 2.709967 6.113297
v -4.424088 6.593848 1.855320
v -4.620894 6.478199 2.301554
v 8.988754 3.625087 -3.939512
v 10.808003 1.949228 -6.117748
v 4.340549 3.985280 4.089514
v 4.968332 3.847114 4.257425
v -15.000000 0.000000 -4.330000
v -14.504805 0.858886 -5.685285
v 15.000000 10.000000 -3.915000
v 13.917991 9.597103 -3.028655
v 15.000000 10.000000 6.495000
v 14.166236 9.899290 5.950912
v 12.256727 0.782646 8.719613
v 12.106606 0.977518 8.402402
v 12.463740 0.923039 8.297399
v 12.553550 0.986994 8.115727
v -0.745409 3.854579 1.475082
v 0.707045 3.948045 1.185496
v -6.815928 4.213757 -2.087141
v -6.299159 4.272490 -2.015542
v 12.347396 0.895280 8.426174
v 12.450002 0.932683 8.285644
v 7.462986 2.760044 7.154216
v 9.883017 1.255211 9.243008
v 7.167862 0.733376 -10.574050
v 7.742202 1.002222 -9.318594
v 11.225289 1.663963 -6.524764
v 12.168206 1.191804 -7.189512
v -7.436457 7.331570 5.184445
v -6.324363 7.077887 2.791394
v 3.750000 10.000000 15.155749
v 2.015908 7.617944 13.730575
v -2.267564 7.377581 -2.846681
v 0.932781 7.602288 -4.942848
v -10.948917 7.446351 6.587334
v -8.283707 7.360962 5.823797
v 10.068166 0.914704 -8.389534
v 9.781896 0.878192 -8.646333
v -12.395393 9.146864 -0.006420
v -9.999749 8.574701 -2.730370
v -3.088600 6.794299 0.009680
v -2.525637 6.916087 -0.610942
v 8.675871 3.266021 5.987682
v 8.756767 3.136529 6.142385
v 8.106916 5.471303 -3.657162
v 6.305585 4.887053 -1.370343
v -13.343294 1.995680 -4.158861
v -14.143998 1.377627 -5.179793
v 7.169723 0.752364 12.159860
v 6.097102 1.353806 12.148605
v -2.972877 7.380242 8.400012
v -2.033550 7.260049 8.694496
v 11.096345 6.485111 -4.914390
v 6.320028 7.062391 -1.967853
v -6.060941 5.253638 -2.337106
v -6.030666 5.045143 -2.396697
v 13.761301 0.000000 -9.375225
v 10.558927 0.782186 -8.568744
v 8.697051 1.939358 -6.036167
v 9.018764 1.756816 -6.416236
v 4.220163 3.617352 10.663140
v 4.115586 3.735460 10.620920
v 5.965108 4.129965 3.245884
v 6.567539 3.802965 4.426031
v 0.000000 7.500000 17.320999
v 1.033896 7.781384 14.648065
v 4.479652 4.445755 4.457845
v 4.574948 4.203411 4.413167
v -7.670527 3.045443 0.374774
v -6.955720 3.244202 0.186864
v 9.977079 1.919011 -6.041052
v 9.465055 2.127219 -5.629438
v -3.643757 4.343233 -1.832703
v -3.361504 4.589777 -2.066395
v 5.897936 6.666342 4.734299
v 5.791025 6.673748 5.517619
v 4.363888 5.312472 6.610439
v 4.720708 5.153166 5.379794
v 8.707633 7.595953 -0.507072
v 8.671821 7.250581 -2.581074
v 5.335336 0.464784 -12.579322
v 5.418066 0.500865 -12.402471
v 2.084302 0.093026 -15.785148
v 3.664249 0.165537 -14.613898
v 5.455494 0.453740 -12.549622
v 5.622432 0.412753 -12.600211
v -15.000000 0.000000 1.082500
v -14.901677 0.077245 1.352749
v 9.265252 1.842365 -6.186459
v 9.017638 1.815230 -6.281547
v -5.231731 9.559924 -11.475808
v -2.662815 8.849066 -8.853328
v -1.428075 5.479868 -1.916737
v -2.469015 5.423841 -1.511119
v 2.118248 5.107554 5.834710
v 3.105126 4.984928 6.192351
v 3.201882 3.222873 -3.575606
v 3.931052 3.138931 -3.539019
v -1.311748 3.956544 2.734872
v -2.320999 3.794183 2.465044
v -6.984763 5.388090 5.262113
v -6.754202 7.283802 5.666910
v -4.339896 10.000000 14.815144
v -5.304139 9.134771 11.876254
v 7.591921 0.262064 -12.004799
v 7.320539 0.381247 -11.737329
v -3.069967 6.797664 -0.127827
v -3.609063 6.424493 0.071730
v 9.504106 1.812440 8.166112
v 10.618362 1.186804 8.895830
v 4.897216 6.346752 -2.526112
v 5.545743 6.558286 -3.285996
v 5.694279 2.121824 -6.416209
v 5.161583 2.415187 -5.639250
v 5.024268 4.980411 4.148296
v 4.557708 4.538853 4.071645
v -1.420086 5.064775 4.434653
v -0.630447 5.154891 4.741334
v 4.714900 5.213535 5.620371
v 5.077750 5.196263 4.915686
v 3.500000 0.000000 -15.300099
v 4.700998 0.140258 -14.105886
v -8.264543 7.657847 6.242239
v -8.158905 7.979898 6.905082
v 5.361549 3.730150 -1.736203
v 5.500906 3.772037 -1.638499
v -6.491567 9.804741 -12.299283
v -6.826837 9.629754 -11.092266
v 5.506427 3.624816 6.152070
v 4.557295 4.131220 6.007032
v 8.375928 2.277766 -5.321513
v 8.749999 2.001613 -5.890508
v -3.409718 4.427508 -1.927999
v -2.962833 4.320564 -1.890504
v -13.125000 10.000000 -9.742624
v -10.869896 9.787089 -9.837499
v 7.676997 0.136364 -12.403041
v 8.096520 0.183131 -11.994757
v 6.716861 0.916925 12.281422
v 7.173282 0.458772 12.572023
v 8.132163 1.081285 -8.834105
v 6.782134 1.558751 -7.867561
v -0.026595 5.309834 5.139603
v 2.022679 4.754403 4.522901
v -2.260109 4.268434 -1.926641
v -1.652423 4.327410 -2.174921
v -5.530500 8.543804 10.076380
v -5.630636 8.819957 10.800654
v -6.581423 3.969693 -1.629448
v -5.794906 3.660219 -0.528378
v -0.229868 8.819367 14.872795
v -1.767915 8.835977 13.453222
v -13.073892 1.557174 -1.306505
v -13.721913 1.498786 -3.626018
v 5.571283 4.274500 1.359375
v 3.323533 4.140556 1.728189
v 4.229479 2.794044 -4.709335
v 4.664537 2.952640 -3.982780
v -10.029399 10.000000 11.530025
v -9.233256 8.282651 6.926522
v -5.253077 6.976134 0.521711
v -4.898546 6.724536 2.099369
v 3.405841 4.394534 3.104298
v 4.648777 4.241846 0.653516
v 5.649155 2.459991 -5.299574
v 4.860268 2.793951 -4.455351
v 6.697366 2.210288 9.715661
v 8.207415 1.383692 10.272917
v -9.113198 8.011865 1.919859
v -7.270068 7.356136 3.803546
v 5.399227 4.605596 1.851236
v 5.706110 4.432706 0.575677
v 6.272976 1.246482 -9.233583
v 6.575486 1.010148 -9.915997
v 6.391030 3.073805 -3.536496
v 7.001453 2.882277 -4.021863
v -9.706465 9.414526 10.381588
v -7.622174 9.258222 10.984775
v 3.414339 4.768803 6.197239
v 2.937662 4.851718 5.845270
v 9.522813 1.793625 -6.263833
v 10.395409 1.468695 -6.850742
v -3.467903 8.881589 -8.715926
v -3.425406 9.062662 -9.635279
v 11.529531 5.608482 -5.591616
v 12.534280 6.291014 -6.482467
v -7.474855 3.217973 4.473471
v -9.016084 3.796172 5.633565
v -2.925321 6.485571 5.623406
v -0.373465 5.651322 5.628473
v -12.187500 10.000000 -10.283937
v -10.911094 9.882338 -10.339949
v -0.619629 4.389439 3.416660
v 0.237037 4.353776 3.241448
v 9.404057 8.004290 2.099390
v 9.707635 8.052289 0.754039
v -1.444445 4.249881 3.347386
v -2.169917 4.237969 3.465732
v -6.788420 7.316464 -1.120198
v -6.018131 7.376704 -1.339570
v -1.742165 6.964652 8.039631
v -0.266571 6.699502 8.318205
v -5.781058 6.221986 -0.714760
v -5.448311 5.355637 -2.058438
v 4.289326 3.720159 10.359855
v 4.186333 3.870238 10.256559
v 7.371839 0.462993 -11.417324
v 8.449404 0.183683 -11.789355
v -8.209872 4.675494 -3.008618
v -7.530821 4.336942 -2.473591
v -3.123735 3.626533 2.116805
v -5.117093 3.325830 1.614187
v -15.000000 1.250000 -8.660000
v -14.904695 0.560669 -7.854535
v -15.000000 0.000000 1.623750
v -14.918760 0.062613 1.609924
v -15.000000 3.750000 -8.660000
v -13.575604 3.922637 -6.905244
v -8.227061 9.486998 -9.640763
v -7.999774 9.258316 -8.564312
v 7.841524 0.982582 11.322976
v 9.149449 0.313429 11.545410
v 3.188480 4.780826 5.923935
v 3.173940 4.664502 5.448771
v -8.228219 7.754364 0.949033
v -6.421947 7.122719 1.678780
v 13.042594 9.418556 0.017543
v 13.718398 9.632239 -0.635912
v 14.600433 9.867883 -2.921863
v 14.567415 9.844776 -3.394394
v -11.521574 1.754866 1.323709
v -10.569347 2.109536 1.149590
v -7.611417 2.857217 3.838335
v -6.523978 3.371269 4.137367
v -0.032330 4.487154 3.472636
v 0.774487 4.289609 3.071118
v 8.468364 1.518939 -7.240015
v 9.432250 1.202847 -7.797960
v 7.880928 0.388954 -11.388233
v 7.380291 0.729835 -10.468706
v 10.655230 2.364585 -5.583863
v 12.717535 1.100408 -7.260891
v 6.320847 2.481697 -5.038983
v 7.616871 2.146683 -5.706393
v 8.894326 2.114604 -5.644054
v 9.024354 2.273671 -5.331348
v -5.022597 6.686384 5.361871
v -5.687497 5.755813 4.939726
v 7.344131 0.953034 11.739845
v 6.497825 1.348204 11.808162
v 3.026790 8.465325 13.982823
v 3.183132 6.576452 11.862582
v -1.091934 6.905005 -1.800228
v 0.304473 6.896640 -2.401929
v -11.306633 8.910013 -2.120859
v -10.268993 8.768388 -3.966417
v -4.688771 7.451866 7.515094
v -3.425573 7.709467 9.050841
v 3.769358 3.673598 11.309411
v 4.115308 3.648720 10.780169
v -2.441558 9.866128 15.598747
v -1.963539 9.651212 15.386797
v 10.653595 1.972621 -6.068878
v 10.703704 2.118565 -5.894660
v 13.386863 0.428466 8.756886
v 12.017589 0.824358 8.781739
v -11.580835 1.794855 0.967644
v -11.372339 1.846928 1.104955
v 6.415354 1.559158 11.522091
v 5.417673 1.816254 12.046764
v -7.823916 5.584344 -2.997878
v -6.260199 5.877419 -1.722402
v 5.901951 3.840624 4.200198
v 5.747914 3.701481 4.603794
v 14.130651 0.000000 -9.161963
v 10.744920 1.079735 -7.647263
v 6.188727 1.991750 -6.642663
v 5.508096 2.405909 -5.531474
v 5.659894 3.317023 -2.853813
v 4.812786 3.248764 -2.977960
v 7.427061 0.879096 -9.918624
v 7.312226 0.973512 -9.647083
v 8.910482 2.171886 7.699289
v 8.823254 2.607506 6.842923
v 4.969457 3.981760 3.611298
v 4.388474 3.945964 3.949432
v -5.853189 4.509432 -2.170360
v -7.358503 4.547357 -2.604291
v 0.306888 7.217849 10.200585
v -0.453839 7.339636 10.011324
v -4.693809 3.366558 2.300252
v -7.565763 2.774544 3.462289
v -11.718750 10.000000 -10.554594
v -11.585464 9.955766 -10.375548
v 5.755045 4.771922 1.771514
v 5.389728 4.844985 2.513952
v 5.172843 2.644826 -4.848143
v 4.820952 2.740284 -4.657300
v -4.481795 9.545557 13.495809
v -3.280546 9.368070 13.786256
v 10.907108 1.571510 -6.643781
v 10.453289 1.882334 -6.154862
v -13.910810 0.799613 1.096427
v -13.956005 0.715144 1.707498
v 13.159066 9.575192 1.516489
v 12.132355 9.394555 3.720292
v 12.281607 0.854490 8.552467
v 12.646616 0.729892 8.586613
v 5.868535 3.395666 6.576811
v 6.341565 3.131131 7.016365
v 9.842209 1.412669 -7.060923
v 10.327276 1.152631 -7.597455
v -6.854459 3.147558 3.877025
v -5.837234 3.160435 2.854720
v 9.177509 7.609819 -1.659097
v 13.493275 9.296374 -4.799627
v 5.908808 4.854786 1.841622
v 6.406474 4.802218 2.617982
v -7.115901 6.834563 -1.353093
v -6.548411 6.686800 -0.860267
v -1.862827 6.780201 7.414760
v -0.434756 6.371846 7.364796
v 9.063737 2.014208 -5.841490
v 8.673972 2.089822 -5.706149
v -11.139177 8.905848 -3.665726
v -11.056544 8.844180 -5.552805
v -7.817075 9.614857 -10.521101
v -10.349830 9.884495 -10.659038
v 11.188206 8.560895 -0.906373
v 9.449693 7.888000 -0.211781
v -14.596340 0.616459 -4.865935
v -14.033237 1.304115 -4.441965
v 5.709887 3.801639 4.288730
v 5.487607 3.888938 3.982922
v -0.253590 4.468331 3.477651
v -0.366264 4.520404 3.568901
v 3.439481 0.158864 -14.767489
v 2.695250 0.132330 -15.291944
v 14.367182 9.824272 -1.401358
v 13.798051 9.682536 -0.269079
v 4.586034 4.270932 4.500175
v 4.693244 4.147725 4.593895
v -4.357409 6.228395 0.374465
v -3.801365 6.204858 -0.039577
v 11.271463 0.672000 -8.572178
v 10.047173 1.161094 -7.674420
v -3.111627 4.394378 3.808414
v -3.323147 4.849556 4.095663
v -13.390924 8.243152 -7.281154
v -11.729988 7.539081 -5.849792
v 6.905391 3.211609 6.071182
v 6.462658 3.306023 6.136483
v 6.605072 5.624795 5.264082
v 7.410973 5.431564 5.067106
v 5.095405 2.709623 10.970235
v 4.640459 2.363976 11.978557
v -8.233899 4.955049 5.552579
v -9.470958 6.990123 6.120234
v 15.000000 2.500000 8.660000
v 13.120654 3.969093 7.672002
v -10.707273 1.767862 4.762345
v -13.852041 0.482198 5.625048
v 12.020350 0.000000 10.380449
v 9.836655 0.475173 10.838250
v -14.895214 0.078972 1.916813
v -14.605642 0.256584 3.072369
v 3.952754 2.882123 12.087296
v 4.684545 3.012537 10.997222
v 12.440072 0.814868 8.536821
v 12.219370 0.929665 8.433021
v -3.849267 8.736473 -7.849832
v -1.214017 8.552731 -7.913926
v 8.642132 0.633475 11.362027
v 9.339486 0.449234 11.203656
v 11.024798 1.605223 7.769773
v 10.434154 1.980832 7.366574
v 4.290505 4.270976 5.795612
v 4.092991 4.437079 5.326554
v -12.819896 1.132699 7.257597
v -10.540041 1.945693 5.310601
v -8.336981 7.769523 3.317910
v -8.490548 7.984235 6.024215
v 4.272735 4.292257 5.781545
v 4.448306 4.191877 6.156344
v 12.225843 0.949455 8.387755
v 12.066637 1.049574 8.276469
v -1.934988 8.012822 10.936273
v -2.032289 8.428243 12.074016
v 8.744355 2.404693 7.296569
v 8.260577 2.462586 7.399781
v 7.257981 2.443476 -5.012999
v 5.929574 2.704213 -4.470210
v 12.962256 6.760742 -6.970697
v 13.509999 5.992631 -7.390970
v 5.891191 4.956682 1.642805
v 5.819108 5.014812 2.066161
v -15.000000 0.000000 4.956250
v -14.763663 0.148689 3.807615
v -3.936912 6.445433 4.509051
v -4.449418 6.251960 4.107759
v 9.840860 0.707769 10.403612
v 10.811700 0.303316 10.553731
v -8.711007 9.758090 -10.834450
v -7.183322 9.737470 -11.533222
v -4.820583 6.649761 2.707586
v -4.690121 6.651275 2.187813
v 11.774696 9.058987 1.811341
v 10.276191 8.330841 1.268830
v 5.236831 3.668093 -1.888573
v 5.117142 3.666886 -1.881049
v -4.760260 6.636254 2.647698
v -4.744421 6.600048 3.046799
v -7.670806 3.960336 -2.043892
v -8.440260 3.654594 -1.948196
v 5.046415 2.405667 -5.721929
v 5.443303 2.243580 -6.106683
v -2.071147 4.884938 -2.022676
v -4.517627 5.128763 -2.045069
v 15.000000 2.500000 -8.660000
v 11.236540 4.647001 -5.626457
v 5.941578 6.712760 4.893957
v 6.426925 6.869058 2.947817
v 3.771296 5.967278 10.122122
v 3.604590 3.661958 11.604327
v 10.780584 1.230683 -7.285873
v 12.065088 0.707195 -8.145250
v -3.469609 9.170429 13.119596
v -2.397532 8.415865 11.771548
v -1.473945 4.150804 3.207838
v -1.232672 4.167437 3.183392
v 7.320591 5.917422 5.256200
v 8.608578 7.856352 5.485976
v 1.736821 4.737242 14.306858
v 2.751727 3.001283 13.338529
v 4.005389 4.593422 9.233796
v 3.667747 4.518393 10.664701
v -13.612993 1.348912 -2.062514
v -13.950553 0.882265 -0.062537
v 5.338291 0.436249 -12.679787
v 4.883369 0.361787 -13.208569
v 0.016585 3.892552 -0.387388
v 0.025909 3.895155 1.002180
v 10.985909 1.703635 7.597838
v 11.239174 1.551317 7.753478
v 6.097834 3.230770 6.927823
v 6.443003 2.917033 7.702617
v 3.456315 0.173869 -14.704066
v 3.323822 0.183949 -14.744518
v 10.995176 8.208805 -2.814733
v 10.612048 8.269010 -1.182890
v -12.768978 2.286891 -3.638769
v -12.329432 2.131090 -2.085993
v 5.893497 3.171592 -3.256226
v 5.242230 3.076595 -3.496354
v 3.900191 3.682742 11.075375
v 4.027755 3.704686 10.823268
v -7.702034 8.354660 8.225241
v -8.916404 8.601171 8.278778
v -9.300639 8.926024 9.232232
v -8.655016 9.235906 10.407905
v 11.250000 10.000000 10.825250
v 13.439651 9.919073 8.499715
v 11.325546 8.790121 1.151506
v 12.791317 9.294669 -0.358268
v 12.900376 0.429799 -8.538079
v 11.993940 1.141895 -7.302589
v -9.720913 9.614439 -9.531672
v -8.795573 9.508470 -9.458099
v -3.819238 9.108651 12.717304
v -3.356515 8.058857 10.090251
v 8.675844 1.568686 -7.014668
v 9.602562 1.243943 -7.607118
v 5.661477 5.349295 0.339895
v 5.590126 5.082011 2.084881
v 4.546781 5.167369 5.750280
v 4.536632 5.244256 6.051361
v -0.900033 9.397653 15.520606
v -1.037218 8.956477 14.412362
v 4.505054 4.021490 4.301185
v 4.518434 4.137047 4.286544
v 5.555515 4.600917 1.519789
v 5.675128 4.655676 1.488577
v 12.466765 0.314273 -9.080267
v 11.903407 0.311535 -9.392344
v 4.259497 2.509932 12.184083
v 4.055758 2.143322 12.751909
v 13.558139 0.719700 -7.738594
v 12.455262 1.304278 -6.981683
v 12.543063 0.701916 8.710147
v 13.016179 0.561749 8.708723
v -5.696065 7.414978 6.720644
v -5.645324 7.223140 6.177340
v 6.560754 3.998518 3.896955
v 8.409142 3.818528 5.304657
v -6.283920 9.435043 12.173843
v -6.582179 9.080338 11.007995
v -9.806535 2.294252 1.466499
v -8.900222 2.815965 0.114691
v -12.093242 8.044344 -6.191607
v -11.894272 8.736670 -6.108860
v -14.084927 0.543893 2.964242
v -14.034404 0.528316 3.690138
v 5.596635 2.439712 10.794146
v 5.015383 2.456216 11.424309
v -0.788607 4.108500 3.006042
v -1.609906 4.114868 3.182495
v 4.357306 4.002506 3.578504
v 3.250197 4.052467 3.495284
v -6.301259 9.226295 11.575696
v -5.738892 9.099598 11.531203
v 8.249901 2.615941 -4.640710
v 8.112524 2.570039 -4.729444
v 11.284469 9.054015 3.640388
v 9.357860 8.562399 6.215527
v -2.755985 8.206419 10.924468
v -2.510514 8.285160 11.319297
v 12.798126 9.326483 0.047639
v 12.311411 9.214755 1.102759
v -10.660841 2.170179 0.731460
v -9.929340 2.767872 -0.727154
v 12.852628 8.513401 -7.185769
v 7.731833 6.484684 -4.082729
v -8.155367 8.559534 8.584894
v -7.529148 8.997939 10.259419
v -2.306188 4.174749 3.413245
v -2.438765 4.290402 3.579156
v -2.142356 4.607230 -2.119548
v -2.833569 4.931238 -2.022669
v 6.683894 3.037327 -3.659853
v 6.698601 2.989596 -3.756729
v -5.984420 3.909620 -1.300859
v -4.160553 3.977118 -1.025196
v 6.734214 0.227315 -12.622510
v 6.649174 0.171015 -12.872149
v 13.493222 0.570694 8.400239
v 12.709151 0.795171 8.413094
v -14.222293 0.447598 3.484038
v -14.727996 0.161490 4.167714
v 11.560324 9.092845 2.963278
v 11.680125 9.192550 3.478631
v 14.744721 9.943999 0.518150
v 14.665818 9.954275 3.767936
v 0.000000 2.500000 17.320999
v 0.685045 4.261054 16.132153
v 9.952093 8.023796 -0.863528
v 10.101850 7.948480 -1.970377
v -7.885884 2.844782 4.174860
v -7.329096 2.989705 3.944170
v 3.490914 5.122135 10.901073
v 2.470470 4.153494 13.263472
v -10.076298 9.098911 9.547470
v -13.206598 8.837403 8.447337
v -8.158611 2.839738 0.869532
v -9.169552 2.448214 1.732790
v 7.566647 0.949384 -9.597403
v 7.521811 0.976697 -9.524994
v -3.525770 5.073870 -1.988147
v -2.475692 5.246962 -1.763412
v 14.735986 9.965279 4.203758
v 14.486578 9.935362 4.735890
v 5.449176 3.732271 -1.738638
v 5.483726 3.667330 -1.913183
v -14.837618 0.129723 0.993493
v -14.927704 0.057314 1.151722
v 6.108407 6.773310 4.430111
v 5.998685 6.764382 5.530078
v -9.926109 4.103412 -3.597474
v -9.274126 3.478049 -2.102786
v 4.827543 4.757338 3.925812
v 4.821191 4.614596 3.219552
v 14.013504 5.482593 -7.806602
v 12.390730 5.692731 -6.358659
v -0.368819 9.635945 -13.478077
v -3.967564 9.343902 -10.836800
v -14.038368 0.695170 1.393325
v -14.216177 0.637031 0.528895
v -7.695200 4.663813 -2.792044
v -7.624752 5.008505 -2.909044
v 6.872290 3.142460 6.343111
v 6.941075 3.105615 6.410646
v -13.350240 1.431926 -1.559109
v -13.244001 1.421735 -1.036239
v 5.504945 1.591835 12.297922
v 4.578405 2.033239 12.461271
v 4.287482 2.811471 -4.625245
v 3.820107 2.939526 -4.370401
v 11.804258 1.134261 8.260486
v 11.801762 1.151451 8.226080
v 5.243330 3.645522 -1.948731
v 5.290747 3.687996 -1.840952
v 11.935384 1.064663 8.325430
v 11.711149 1.175775 8.230842
v -11.958447 2.366575 -2.331088
v -12.380627 2.251664 -2.701055
v 14.000025 9.708546 -1.133559
v 13.847239 9.627370 -1.796875
v 4.413926 4.133835 2.549833
v 4.649913 4.204905 1.765923
v -15.000000 0.000000 -6.495000
v -14.769986 0.554730 -6.716005
v 11.709355 8.394803 -3.653259
v 10.188404 7.151046 -3.706790
v 7.454115 0.142346 -12.510207
v 7.625386 0.148301 -12.390298
v 7.013868 5.230459 -2.371203
v 6.151175 5.311691 -1.599017
v -5.906311 9.667280 13.024014
v -6.774592 9.424306 11.890557
v -4.041475 9.377979 13.312333
v -3.651206 9.640620 14.267868
v 3.942132 4.168920 1.855132
v 3.686611 4.149514 2.314284
v -4.964596 6.709568 2.500480
v -5.411950 6.793013 3.054441
v 4.223533 3.783921 10.352661
v 4.185979 3.693999 10.579737
v 11.117982 1.440303 8.041853
v 10.139152 1.560276 8.353792
v -0.415078 7.286615 9.876480
v -0.906164 7.451171 10.019512
v 6.667559 5.760950 5.373192
v 6.380736 5.864166 5.595208
v -12.673851 0.962015 5.381780
v -14.053999 0.393389 5.949380
v 7.866418 7.364856 -0.059282
v 6.886173 7.134490 -0.406504
v 10.282215 1.390540 8.648726
v 9.810596 1.510256 8.681701
v 4.192847 0.000000 -14.900049
v 4.155541 0.057738 -14.715449
v 14.262187 9.758209 -2.485600
v 14.476176 9.821388 -3.019212
v 10.792580 8.371419 -1.018049
v 10.378643 8.191192 -1.006337
v -0.246735 6.792857 -2.129469
v 0.828160 6.263152 -2.421926
v 12.356634 0.841473 8.532972
v 12.332581 0.867082 8.494065
v 14.315325 0.000000 -9.055331
v 12.903896 0.622555 -8.126070
v 4.048998 3.668363 10.854476
v 4.018189 3.686530 10.872435
v 5.653831 6.586240 5.434175
v 5.273894 6.206753 6.543486
v -6.558878 5.117425 -2.558105
v -6.579441 5.260865 -2.540833
v -6.278588 7.292994 -1.208326
v -6.452774 7.324386 -1.199257
v 7.038379 0.196776 -12.556009
v 6.771735 0.189734 -12.734796
v 5.997141 6.721707 4.592131
v 6.207878 6.798903 3.882854
v 6.097718 0.745539 -11.134847
v 6.448880 0.504647 -11.797185
v 14.056524 9.751042 -0.686447
v 13.815664 9.706467 0.153216
v 4.803024 2.611523 -5.107956
v 4.602073 2.739686 -4.746787
v -6.716173 7.668478 -1.432140
v -6.050654 7.533459 -1.488139
v -0.125439 4.453682 3.438025
v -0.052882 4.458697 3.434721
v -6.255521 7.343036 -1.258339
v -6.344872 7.316117 -1.214935
v -14.749602 0.187067 2.003787
v -14.518894 0.387041 0.852400
v 10.655524 0.000000 11.168499
v 10.386045 0.302043 10.809206
v 7.450314 0.313334 -11.904059
v 7.487436 0.266908 -12.047774
v -5.932597 8.843202 10.689830
v -5.974202 9.016422 11.161605
v -8.791064 6.572199 -3.215284
v -7.295225 5.915384 -2.453259
v 5.369488 3.775205 -1.618104
v 5.438413 3.851368 -1.423544
v -6.402799 3.431233 -0.129055
v -5.227526 3.631865 -0.200313
v 3.516084 1.982793 13.356335
v 4.719730 1.820992 12.620663
v -6.817832 6.888866 -1.074859
v -6.562210 7.248911 -1.153929
v 0.071940 3.925538 -2.282373
v -0.848067 3.925525 -1.008565
v 5.554676 6.394437 5.689783
v 6.068917 6.701404 4.112686
v -10.480019 7.832490 5.853005
v -10.402415 8.195585 4.161235
v -11.646731 9.009232 -5.038464
v -13.530551 9.454286 -7.246420
v -10.128067 2.515849 -0.003659
v -9.500609 2.740877 -0.204774
v 1.219224 5.353561 5.860527
v 1.048586 5.090499 5.023155
v 1.683165 6.918067 9.948992
v 0.184450 6.899582 9.127331
v 12.386744 0.864091 -7.756956
v 11.431470 1.005845 -7.636616
v -2.561670 4.206237 3.518301
v -3.465826 4.221566 3.782165
v 6.674466 3.389314 5.442138
v 6.233949 3.547716 5.021493
v 0.000000 0.250000 17.320999
v 0.876683 0.804075 16.198895
v 11.839721 0.535235 -8.720390
v 11.417439 0.849184 -8.015202
v 4.496668 2.683194 -4.985806
v 4.792634 2.457069 -5.655457
v 5.664294 0.371025 -12.725523
v 5.187633 0.390144 -12.931701
v -12.094619 1.581318 1.143091
v -12.164266 1.620828 0.724932
v 2.644148 4.097628 3.231209
v 3.567227 4.045644 3.427279
v -6.970827 8.378716 8.737026
v -5.751074 8.028913 8.475823
v -1.075895 9.809217 -14.971697
v -5.069812 9.708238 -12.426717
v -14.905807 0.074404 1.239761
v -14.877411 0.097251 1.184475
v -8.270653 7.978005 6.684961
v -8.301044 8.099512 6.955746
v -6.357132 8.261744 8.773846
v -5.767560 8.287808 9.203770
v 4.160978 4.366903 5.566094
v 4.069309 4.375386 5.620304
v -5.210820 7.014009 5.821760
v -4.918792 6.693569 4.711491
v 0.210476 3.886181 0.230417
v 0.860639 3.859457 -0.209360
v 6.533086 1.492972 -8.219914
v 7.032103 1.038332 -9.567168
v 8.461589 2.175810 -5.536140
v 8.152638 2.148694 -5.619385
v 12.318763 1.105698 8.014974
v 13.976790 0.405646 8.446908
v 1.750000 0.000000 -16.310549
v 1.133046 0.038238 -16.530151
v -15.000000 0.000000 3.000000
v -14.755199 0.169075 2.622013
v -8.752909 9.070875 9.899309
v -7.785151 9.116730 10.490023
v -11.836277 1.549829 6.503416
v -11.646403 1.849419 6.641083
v 3.402806 0.189891 -14.677680
v 3.497101 0.199619 -14.588493
v -3.142879 8.177402 10.574488
v -3.592023 8.415097 10.938405
v -11.807629 4.573803 -5.373005
v -13.003434 4.498111 -6.506455
v 12.236070 0.935784 8.410013
v 12.276593 0.924654 8.408358
v -4.918114 8.668496 -7.112730
v -1.042204 7.724047 -4.707561
v 15.000000 10.000000 2.165000
v 14.777040 9.961512 2.147216
v -1.988092 7.415596 9.175241
v -2.329126 7.348572 8.748413
v 11.231071 0.513448 -9.085670
v 10.806042 0.665680 -8.814463
v 11.862743 1.102479 8.291007
v 11.830280 1.117184 8.280191
v 7.608081 2.617889 -4.611396
v 7.923844 2.523659 -4.812949
v -3.932448 8.750332 11.654349
v -5.218045 8.720738 10.770113
l 43 44
l 44 28
l 51 52
l 62 15
l 63 16
l 75 34
l 82 77
l 81 77
l 89 90
l 90 60
l 92 34
l 94 53
l 93 51
l 99 47
l 104 67
l 104 68
l 103 68
l 106 58
l 105 54
l 108 101
l 113 114
l 120 33
l 136 58
l 144 95
l 143 95
l 143 60
l 146 31
l 145 36
l 147 148
l 147 131
l 149 109
l 151 19
l 154 31
l 156 93
l 156 94
l 155 17
l 158 92
l 158 152
l 157 152
l 159 160
l 162 101
l 163 15
l 166 139
l 167 168
l 172 50
l 173 174
l 176 84
l 177 178
l 180 88
l 182 17
l 181 85
l 181 17
l 184 150
l 184 149
l 183 149
l 185 186
l 186 107
l 187 47
l 189 190
l 190 104
l 189 67
l 194 15
l 199 200
l 200 184
l 200 183
l 202 116
l 201 115
l 201 36
l 203 204
l 203 99
l 205 5
l 208 38
l 208 16
l 209 210
l 209 53
l 212 105
l 213 214
l 213 74
l 216 140
l 215 145
l 220 150
l 221 222
l 222 167
l 222 70
l 221 122
l 224 119
l 226 214
l 225 73
l 225 74
l 228 155
l 228 156
l 229 79
l 232 101
l 232 98
l 233 176
l 236 219
l 236 96
l 238 176
l 237 26
l 239 88
l 242 26
l 243 131
l 247 248
l 248 242
l 247 84
l 249 250
l 250 16
l 250 29
l 249 171
l 249 172
l 252 135
l 251 136
l 251 65
l 253 117
l 255 48
l 257 258
l 258 153
l 258 188
l 257 256
l 260 79
l 259 81
l 259 80
l 264 128
l 267 195
l 267 5
l 270 172
l 270 189
l 269 190
l 269 103
l 272 207
l 271 146
l 271 38
l 274 120
l 274 119
l 277 278
l 278 273
l 280 113
l 280 72
l 279 248
l 281 282
l 282 160
l 284 202
l 284 115
l 283 35
l 285 16
l 287 288
l 288 270
l 288 269
l 287 103
l 287 49
l 289 65
l 291 135
l 291 78
l 293 294
l 294 255
l 293 256
l 299 300
l 300 36
l 300 116
l 299 201
l 299 202
l 301 302
l 302 18
l 301 18
l 306 69
l 307 230
l 307 54
l 309 196
l 312 3
l 311 246
l 313 314
l 314 74
l 314 226
l 313 225
l 313 226
l 315 316
l 316 111
l 315 128
l 317 318
l 320 45
l 321 322
l 323 92
l 326 61
l 328 126
l 327 276
l 330 102
l 332 206
l 332 72
l 333 130
l 335 336
l 336 42
l 335 42
l 338 318
l 338 139
l 337 186
l 337 108
l 339 340
l 341 342
l 342 168
l 341 327
l 341 168
l 343 344
l 344 290
l 343 252
l 347 348
l 348 311
l 350 134
l 350 198
l 352 213
l 351 170
l 353 354
l 354 67
l 354 29
l 353 68
l 353 29
l 358 220
l 357 220
l 357 109
l 359 360
l 360 215
l 359 262
l 359 215
l 362 106
l 362 193
l 361 56
l 363 364
l 364 25
l 366 247
l 365 49
l 365 22
l 368 97
l 367 231
l 373 374
l 375 276
l 378 357
l 377 109
l 379 380
l 380 59
l 379 59
l 384 142
l 383 180
l 383 142
l 385 386
l 386 192
l 385 17
l 387 239
l 390 340
l 389 372
l 389 263
l 394 30
l 394 113
l 396 114
l 396 37
l 395 15
l 397 398
l 398 100
l 398 23
l 397 47
l 397 48
l 400 318
l 399 139
l 399 140
l 403 404
l 404 71
l 404 195
l 403 402
l 403 195
l 407 408
l 408 382
l 410 207
l 409 368
l 409 207
l 411 412
l 411 32
l 413 414
l 414 219
l 413 161
l 413 96
l 415 416
l 416 296
l 416 295
l 418 407
l 419 420
l 420 30
l 419 171
l 419 30
l 422 217
l 421 217
l 421 165
l 423 424
l 424 75
l 424 224
l 423 223
l 425 426
l 426 239
l 426 240
l 425 240
l 425 88
l 428 264
l 430 273
l 432 324
l 432 75
l 431 324
l 434 28
l 436 401
l 436 402
l 438 283
l 437 294
l 439 440
l 440 6
l 440 144
l 439 379
l 441 267
l 441 268
l 443 444
l 443 66
l 448 316
l 448 264
l 449 450
l 450 434
l 453 454
l 454 387
l 453 240
l 453 179
l 456 395
l 456 396
l 455 395
l 455 154
l 457 458
l 458 410
l 458 218
l 457 422
l 457 218
l 459 460
l 460 179
l 460 180
l 459 142
l 462 266
l 461 117
l 461 118
l 463 223
l 463 83
l 465 466
l 465 442
l 465 346
l 470 386
l 472 18
l 472 352
l 471 150
l 471 110
l 474 467
l 473 174
l 475 476
l 476 233
l 476 234
l 475 238
l 478 414
l 477 370
l 477 235
l 479 480
l 480 199
l 480 89
l 479 59
l 481 482
l 482 65
l 482 343
l 481 251
l 481 252
l 484 5
l 483 268
l 486 446
l 486 400
l 485 400
l 489 407
l 492 18
l 491 333
l 493 494
l 494 368
l 496 475
l 497 498
l 498 237
l 497 319
l 497 320
l 499 227
l 502 291
l 501 292
l 501 193
l 503 504
l 504 374
l 504 470
l 506 260
l 505 210
l 507 508
l 508 262
l 507 261
l 507 262
l 509 510
l 510 310
l 509 364
l 509 310
l 512 286
l 512 97
l 511 272
l 514 182
l 516 308
l 515 155
l 515 53
l 518 492
l 519 520
l 520 76
l 520 177
l 519 76
l 521 522
l 522 277
l 523 524
l 524 178
l 523 178
l 527 528
l 528 320
l 528 498
l 527 45
l 531 532
l 532 90
l 531 63
l 531 64
l 533 534
l 534 41
l 534 94
l 533 61
l 535 536
l 536 394
l 535 420
l 535 50
l 537 538
l 538 153
l 537 163
l 537 153
l 539 540
l 540 381
l 540 467
l 542 244
l 544 34
l 543 157
l 545 546
l 546 380
l 545 479
l 545 89
l 548 462
l 549 550
l 550 18
l 549 55
l 549 18
l 552 241
l 551 365
l 554 505
l 554 229
l 553 307
l 553 308
l 555 556
l 556 23
l 555 48
l 555 23
l 557 558
l 558 308
l 558 54
l 557 516
l 560 274
l 560 277
l 561 562
l 562 406
l 561 474
l 561 40
l 564 205
l 566 529
l 565 169
l 567 568
l 567 81
l 570 45
l 570 319
l 569 435
l 569 196
l 571 572
l 572 511
l 571 511
l 571 512
l 573 574
l 575 576
l 576 157
l 575 151
l 577 578
l 578 197
l 578 487
l 577 487
l 577 488
l 579 580
l 580 366
l 579 464
l 579 233
l 582 62
l 582 326
l 581 556
l 583 584
l 584 286
l 584 16
l 583 572
l 583 208
l 585 586
l 586 244
l 588 412
l 587 218
l 587 32
l 590 246
l 589 374
l 589 312
l 592 485
l 591 70
l 594 37
l 594 194
l 593 193
l 593 5
l 596 393
l 596 536
l 598 369
l 598 405
l 599 600
l 599 296
l 599 183
l 601 602
l 602 5
l 602 37
l 601 79
l 601 62
l 604 596
l 603 279
l 605 606
l 606 198
l 606 266
l 605 134
l 605 52
l 608 468
l 608 467
l 607 370
l 609 610
l 610 5
l 610 298
l 609 297
l 611 612
l 612 20
l 612 83
l 611 22
l 611 20
l 614 71
l 614 21
l 615 597
l 618 41
l 618 61
l 617 93
l 617 41
l 619 620
l 620 363
l 619 527
l 619 25
l 621 622
l 622 530
l 621 530
l 624 334
l 624 333
l 623 491
l 625 626
l 626 438
l 625 35
l 627 628
l 628 581
l 628 335
l 627 418
l 630 574
l 631 632
l 632 138
l 631 137
l 631 99
l 633 634
l 634 112
l 633 85
l 635 636
l 635 203
l 635 164
l 638 378
l 638 377
l 637 96
l 639 640
l 639 490
l 642 493
l 641 415
l 641 95
l 644 303
l 644 500
l 643 303
l 643 227
l 646 91
l 646 576
l 645 544
l 645 223
l 648 421
l 648 422
l 647 165
l 647 98
l 650 145
l 650 31
l 649 538
l 649 154
l 651 652
l 652 10
l 653 654
l 654 526
l 655 656
l 656 338
l 657 658
l 658 351
l 658 392
l 660 265
l 659 198
l 661 662
l 662 326
l 662 325
l 661 617
l 661 618
l 663 664
l 664 296
l 664 468
l 663 607
l 663 236
l 665 666
l 665 263
l 668 447
l 668 448
l 667 427
l 669 670
l 669 375
l 672 625
l 672 257
l 673 674
l 674 15
l 674 632
l 673 100
l 675 676
l 676 238
l 675 84
l 677 678
l 678 463
l 677 645
l 677 646
l 680 466
l 679 441
l 681 682
l 682 46
l 682 242
l 681 279
l 683 684
l 684 510
l 684 309
l 683 196
l 685 686
l 686 437
l 686 539
l 685 382
l 687 688
l 688 488
l 687 659
l 687 487
l 689 690
l 690 192
l 689 469
l 689 470
l 692 110
l 692 301
l 691 199
l 691 110
l 694 170
l 694 478
l 693 477
l 693 478
l 695 696
l 696 489
l 695 408
l 695 132
l 697 698
l 698 499
l 699 700
l 700 322
l 700 311
l 699 348
l 699 123
l 701 702
l 702 679
l 702 442
l 701 442
l 703 704
l 704 451
l 704 548
l 703 87
l 705 706
l 706 669
l 706 376
l 705 376
l 705 275
l 707 708
l 708 355
l 707 688
l 707 350
l 710 641
l 710 642
l 709 231
l 709 232
l 712 444
l 711 502
l 714 345
l 715 716
l 716 603
l 716 241
l 715 551
l 715 366
l 717 718
l 718 280
l 717 206
l 719 720
l 719 678
l 722 289
l 722 344
l 721 547
l 724 66
l 724 444
l 723 292
l 725 726
l 726 648
l 725 409
l 725 410
l 727 728
l 727 373
l 727 24
l 730 115
l 730 671
l 729 649
l 729 650
l 731 732
l 732 630
l 732 629
l 733 734
l 734 297
l 734 230
l 735 736
l 736 604
l 735 603
l 735 604
l 738 246
l 737 541
l 737 542
l 739 740
l 740 701
l 740 310
l 739 363
l 739 346
l 741 742
l 742 342
l 742 126
l 741 122
l 743 744
l 744 28
l 743 389
l 743 390
l 746 133
l 746 384
l 745 451
l 745 452
l 748 82
l 748 118
l 747 567
l 747 82
l 749 750
l 750 714
l 749 345
l 749 237
l 751 752
l 752 729
l 752 730
l 751 672
l 754 127
l 754 315
l 753 517
l 753 518
l 755 756
l 756 362
l 756 361
l 755 733
l 757 758
l 758 295
l 758 415
l 757 161
l 759 760
l 760 336
l 760 640
l 759 639
l 759 418
l 761 762
l 762 570
l 761 683
l 761 25
l 764 170
l 763 693
l 763 694
l 766 391
l 766 630
l 765 657
l 765 566
l 768 634
l 768 517
l 767 128
l 767 112
l 769 770
l 770 592
l 770 486
l 769 445
l 769 446
l 771 772
l 772 711
l 772 723
l 771 711
l 771 712
l 773 774
l 774 137
l 774 100
l 773 137
l 775 776
l 776 429
l 776 521
l 775 522
l 778 666
l 778 372
l 777 371
l 779 780
l 780 506
l 780 259
l 779 505
l 779 506
l 781 782
l 782 60
l 782 546
l 781 143
l 781 144
l 783 784
l 784 750
l 783 496
l 785 786
l 786 255
l 786 293
l 785 187
l 787 788
l 788 162
l 787 329
l 787 330
l 789 790
l 790 253
l 790 77
l 789 290
l 789 254
l 791 792
l 792 106
l 791 105
l 794 355
l 795 796
l 796 473
l 796 474
l 795 626
l 795 539
l 797 798
l 798 57
l 798 58
l 800 282
l 799 284
l 804 328
l 803 654
l 803 305
l 805 806
l 806 227
l 806 793
l 805 349
l 808 452
l 807 746
l 809 810
l 810 352
l 810 530
l 809 621
l 811 812
l 812 802
l 812 660
l 811 659
l 811 660
l 813 814
l 814 289
l 816 210
l 816 325
l 815 568
l 818 283
l 818 799
l 817 9
l 819 820
l 820 40
l 820 405
l 819 607
l 819 608
l 821 822
l 822 51
l 822 568
l 821 815
l 823 824
l 824 179
l 825 826
l 826 590
l 825 417
l 825 124
l 827 828
l 828 721
l 828 461
l 827 721
l 827 722
l 829 830
l 830 393
l 830 681
l 829 46
l 829 21
l 831 832
l 832 334
l 831 334
l 831 130
l 833 834
l 834 361
l 833 755
l 833 56
l 836 804
l 836 121
l 837 838
l 838 6
l 838 437
l 837 627
l 837 6
l 839 840
l 840 801
l 839 802
l 839 266
l 841 842
l 842 566
l 842 565
l 841 765
l 841 766
l 844 439
l 844 600
l 846 633
l 846 112
l 847 848
l 848 331
l 848 72
l 849 850
l 850 843
l 850 6
l 849 843
l 849 844
l 851 852
l 852 411
l 851 217
l 851 32
l 853 854
l 854 551
l 854 552
l 853 552
l 856 97
l 856 642
l 855 285
l 855 64
l 857 858
l 858 623
l 858 268
l 860 86
l 859 514
l 862 349
l 862 697
l 861 690
l 861 17
l 863 620
l 863 345
l 865 866
l 866 826
l 865 738
l 867 868
l 868 204
l 868 164
l 867 164
l 869 870
l 870 85
l 869 792
l 869 211
l 872 349
l 872 356
l 871 192
l 873 874
l 874 862
l 873 303
l 873 228
l 875 876
l 876 122
l 875 592
l 878 278
l 878 76
l 877 523
l 877 519
l 880 456
l 880 455
l 881 882
l 882 388
l 882 813
l 881 814
l 881 388
l 883 884
l 884 118
l 884 52
l 883 747
l 883 748
l 885 886
l 886 429
l 885 775
l 885 430
l 887 888
l 890 70
l 889 485
l 889 399
l 891 892
l 892 718
l 892 393
l 891 717
l 891 613
l 893 894
l 894 500
l 893 697
l 893 304
l 896 598
l 895 406
l 898 616
l 898 615
l 897 896
l 899 900
l 900 434
l 900 11
l 901 902
l 902 428
l 901 845
l 901 846
l 904 466
l 904 346
l 903 864
l 903 713
l 905 906
l 906 392
l 906 657
l 905 574
l 905 392
l 908 696
l 907 865
l 909 910
l 910 676
l 910 784
l 909 675
l 909 26
l 911 912
l 912 834
l 912 230
l 911 55
l 911 56
l 913 914
l 914 557
l 914 515
l 913 516
l 913 209
l 915 916
l 916 590
l 916 589
l 915 322
l 915 312
l 917 918
l 918 260
l 918 80
l 917 443
l 917 80
l 919 920
l 920 298
l 920 733
l 919 609
l 919 298
l 921 922
l 922 175
l 921 495
l 923 924
l 923 805
l 923 794
l 925 926
l 926 680
l 926 679
l 925 680
l 925 8
l 927 928
l 928 133
l 928 703
l 927 451
l 927 133
l 929 930
l 930 381
l 929 381
l 929 132
l 931 932
l 932 136
l 932 135
l 931 501
l 931 502
l 934 148
l 934 243
l 935 936
l 936 261
l 935 670
l 937 938
l 938 764
l 938 102
l 937 788
l 937 330
l 940 276
l 940 160
l 939 327
l 939 328
l 941 942
l 942 794
l 942 793
l 941 793
l 941 134
l 943 944
l 944 188
l 944 867
l 943 204
l 943 163
l 946 66
l 945 723
l 945 724
l 947 948
l 948 542
l 947 933
l 947 934
l 949 950
l 950 436
l 950 435
l 949 402
l 949 309
l 951 952
l 952 870
l 952 44
l 953 954
l 954 124
l 954 866
l 953 124
l 955 956
l 956 263
l 956 845
l 955 902
l 955 665
l 958 216
l 957 670
l 957 376
l 959 960
l 960 483
l 960 550
l 959 130
l 959 12
l 961 962
l 962 148
l 961 895
l 961 896
l 964 636
l 964 187
l 963 636
l 963 188
l 965 966
l 966 855
l 965 285
l 965 286
l 967 968
l 968 614
l 968 613
l 967 613
l 967 71
l 969 970
l 970 271
l 970 272
l 969 587
l 969 588
l 971 972
l 972 120
l 971 431
l 971 432
l 973 974
l 974 383
l 974 384
l 973 387
l 975 976
l 976 836
l 976 835
l 975 939
l 975 940
l 977 978
l 978 744
l 978 951
l 977 951
l 977 845
l 979 340
l 979 27
l 981 982
l 982 191
l 982 871
l 983 984
l 984 753
l 984 887
l 983 768
l 985 986
l 986 751
l 986 671
l 985 671
l 985 35
l 987 988
l 988 872
l 988 871
l 987 874
l 987 861
l 989 990
l 990 13
l 990 174
l 989 897
l 989 615
l 991 992
l 992 935
l 992 116
l 991 360
l 991 261
l 993 994
l 994 464
l 994 720
l 993 719
l 993 464
l 995 996
l 996 64
l 996 532
l 995 966
l 995 856
l 997 998
l 998 450
l 998 980
l 997 980
l 997 433
l 999 1000
l 1000 206
l 1000 564
l 999 563
l 999 564
l 1001 1002
l 1002 525
l 1001 306
l 1003 1004
l 1004 514
l 1004 181
l 1003 859
l 1005 1006
l 1006 852
l 1006 216
l 1005 165
l 1005 166
l 1007 1008
l 1008 229
l 1008 297
l 1007 553
l 1007 554
l 1009 1010
l 1010 623
l 1010 624
l 1009 832
l 1009 129
l 1011 1012
l 1012 622
l 1012 529
l 1011 214
l 1013 1014
l 1014 876
l 1013 741
l 1013 126
l 1015 1016
l 1016 98
l 1016 367
l 1015 726
l 1015 647
l 1017 1018
l 1018 254
l 1018 117
l 1017 253
l 1017 254
l 1019 1020
l 1020 221
l 1020 591
l 1019 875
l 1019 591
l 1022 355
l 1022 924
l 1021 708
l 1021 488
l 1023 1024
l 1024 595
l 1024 50
l 1023 595
l 1025 1026
l 1026 824
l 1026 141
l 1027 1028
l 1028 847
l 1028 563
l 1027 847
l 1027 332
l 1030 141
l 1030 1025
l 1029 452
l 1031 1032
l 1032 890
l 1032 889
l 1031 890
l 1031 140
l 1033 1034
l 1034 428
l 1033 777
l 1033 666
l 1035 1036
l 1036 593
l 1035 292
l 1037 1038
l 1038 652
l 1038 446
l 1039 1040
l 1040 518
l 1040 491
l 1039 887
l 1039 754
l 1041 1042
l 1042 575
l 1042 152
l 1041 323
l 1041 151
l 1043 1044
l 1044 484
l 1044 55
l 1043 483
l 1043 484
l 1045 1046
l 1046 616
l 1046 933
l 1045 933
l 1045 39
l 1047 1048
l 1048 738
l 1048 245
l 1047 907
l 1047 737
l 1049 1050
l 1050 1035
l 1050 194
l 1049 1036
l 1049 594
l 1051 1052
l 1052 6
l 1052 468
l 1051 843
l 1051 600
l 1053 1054
l 1054 499
l 1054 500
l 1053 643
l 1053 644
l 1055 1056
l 1056 547
l 1055 813
l 1055 141
l 1057 1058
l 1058 728
l 1058 417
l 1057 728
l 1057 24
l 1059 1060
l 1060 211
l 1060 212
l 1059 791
l 1059 211
l 1061 1062
l 1062 125
l 1062 800
l 1061 799
l 1061 800
l 1063 1064
l 1064 86
l 1064 492
l 1063 517
l 1063 86
l 1065 1066
l 1066 547
l 1066 462
l 1065 1056
l 1065 548
l 1067 1068
l 1068 559
l 1068 560
l 1069 1070
l 1070 668
l 1070 667
l 1069 1034
l 1069 667
l 1071 1072
l 1072 983
l 1072 888
l 1071 888
l 1071 767
l 1073 1074
l 1074 302
l 1074 63
l 1073 691
l 1073 692
l 1075 1076
l 1076 807
l 1076 808
l 1075 807
l 1075 745
l 1077 1078
l 1078 903
l 1079 1080
l 1080 894
l 1080 304
l 1079 698
l 1079 304
l 1082 212
l 1082 17
l 1081 513
l 1081 182
l 1083 1084
l 1084 231
l 1084 493
l 1083 494
l 1083 367
l 1086 637
l 1085 377
l 1087 1088
l 1088 431
l 1088 972
l 1087 323
l 1087 324
l 1089 1090
l 1090 1003
l 1090 860
l 1089 859
l 1089 513
l 1091 1092
l 1092 423
l 1092 224
l 1091 177
l 1091 20
l 1093 1094
l 1094 390
l 1094 372
l 1093 777
l 1093 778
l 1095 1096
l 1096 736
l 1096 1023
l 1095 241
l 1097 1098
l 1098 358
l 1098 378
l 1097 358
l 1097 219
l 1099 1100
l 1100 138
l 1100 673
l 1099 773
l 1099 138
l 1101 1102
l 1102 1086
l 1102 1085
l 1101 1086
l 1101 638
l 1103 1104
l 1104 306
l 1104 1014
l 1103 803
l 1105 1106
l 1106 840
l 1106 802
l 1107 1108
l 1108 543
l 1108 158
l 1107 543
l 1107 544
l 1109 1110
l 1110 948
l 1110 243
l 1109 586
l 1109 131
l 1111 1112
l 1112 709
l 1112 710
l 1111 161
l 1111 162
l 1113 1114
l 1114 205
l 1114 331
l 1113 563
l 1113 331
l 1115 1116
l 1116 146
l 1116 588
l 1115 508
l 1115 412
l 1117 1118
l 1118 1022
l 1118 1021
l 1117 924
l 1117 356
l 1119 1120
l 1120 1085
l 1120 637
l 1119 757
l 1119 295
l 1121 1122
l 1122 38
l 1122 879
l 1121 171
l 1121 16
l 1123 1124
l 1124 860
l 1124 513
l 1123 1081
l 1123 1082
l 1125 1126
l 1126 369
l 1126 370
l 1125 473
l 1125 369
l 1127 1128
l 1128 102
l 1128 14
l 1127 763
l 1127 764
l 1129 1130
l 1130 958
l 1130 936
l 1129 957
l 1129 958
l 1131 1132
l 1132 582
l 1132 581
l 1131 533
l 1131 42
l 1133 1134
l 1134 640
l 1134 24
l 1133 385
l 1133 373
l 1135 1136
l 1136 863
l 1136 864
l 1135 1078
l 1135 904
l 1137 1138
l 1138 256
l 1138 785
l 1137 963
l 1137 964
l 1139 1140
l 1140 712
l 1140 78
l 1139 290
l 1139 78
l 1141 1142
l 1142 1
l 1142 356
l 1143 1144
l 1144 714
l 1144 864
l 1143 921
l 1143 783
l 1145 1146
l 1146 49
l 1146 853
l 1145 1095
l 1145 595
l 1147 1148
l 1148 877
l 1148 878
l 1147 524
l 1147 119
l 1149 1150
l 1150 167
l 1150 275
l 1149 375
l 1149 275
l 1151 1152
l 1152 945
l 1152 946
l 1151 946
l 1151 15
l 1154 132
l 1153 895
l 1153 147
l 1155 1156
l 1156 565
l 1156 529
l 1155 1011
l 1155 4
l 1157 1158
l 1158 526
l 1158 1001
l 1157 1002
l 1157 526
l 1159 1160
l 1160 406
l 1160 405
l 1159 562
l 1159 40
l 1161 1162
l 1162 585
l 1162 1154
l 1161 1153
l 1161 1154
l 1163 1164
l 1164 815
l 1164 325
l 1163 821
l 1163 816
l 1165 1166
l 1166 6
l 1166 685
l 1165 930
l 1165 382
l 1167 1168
l 1168 114
l 1168 879
l 1167 879
l 1167 880
l 1169 1170
l 1170 83
l 1170 720
l 1169 580
l 1169 22
l 1171 1172
l 1172 319
l 1172 46
l 1171 762
l 1171 569
l 1173 1174
l 1174 7
l 1174 973
l 1173 454
l 1173 388
l 1175 1176
l 1176 2
l 1176 521
l 1177 1178
l 1178 804
l 1178 1103
l 1179 1180
l 1180 616
l 1180 962
l 1179 897
l 1179 898
l 1181 1182
l 1182 438
l 1182 817
l 1181 817
l 1181 818
l 1183 1184
l 1184 273
l 1184 429
l 1183 886
l 1183 430
l 1185 1186
l 1186 908
l 1185 953
l 1185 908
l 1187 1188
l 1188 656
l 1188 337
l 1187 166
l 1187 108
l 1189 1190
l 1190 459
l 1190 823
l 1189 823
l 1189 808
l 1191 1192
l 1192 471
l 1192 472
l 1191 809
l 1191 351
l 1193 1194
l 1194 980
l 1194 979
l 1195 1196
l 1196 490
l 1196 489
l 1195 490
l 1195 417
l 1197 1198
l 1198 234
l 1198 496
l 1197 922
l 1197 234
l 1199 1200
l 1200 1029
l 1200 1030
l 1199 1029
l 1199 1025
l 1201 1202
l 1202 435
l 1202 401
l 1201 401
l 1201 21
l 1203 1204
l 1204 244
l 1204 585
l 1203 1186
l 1203 907
