v 0 0 17.321 1
v 0 0 -17.321 1
v 0 10 17.321 1
v 0 10 -17.321 1
v 10 3.333 0 0
v -10 6.667 0 0
v 15 0 8.66 1
v 15 0 -8.66 1
v -15 0 8.66 1
v -15 0 -8.66 1
v 15 10 8.66 1
v 15 10 -8.66 1
v -15 10 8.66 1
v -15 10 -8.66 1
v -5 3.333 8.66 0
v -5 3.333 -8.66 0
v 5 6.667 8.66 0
v 5 6.667 -8.66 0

l 13 14 1
l 9 10 1
l 3 13 1
l 9 13 1
l 1 9 1
l 11 3 1
l 1 3 1
l 7 1 1
l 12 11 1
l 7 11 1
l 8 7 1
l 4 12 1
l 8 12 1
l 2 8 1
l 10 14 1
l 14 4 1
l 2 4 1
l 10 2 1
l 17 11 0
l 15 17 0
l 9 15 0
l 16 10 0
l 18 16 0
l 12 18 0
l 5 8 0
l 17 5 0
l 3 17 0
l 16 2 0
l 6 16 0
l 13 6 0
l 15 1 0
l 6 15 0
l 14 6 0
l 5 7 0
l 18 5 0
l 4 18 0
l 5 15 0
l 16 15 0
l 5 16 0
l 18 17 0
l 6 17 0
l 18 6 0
